top: 1, prec: 1.000000, rec: 1.000000
top: 2, prec: 0.111111, rec: 1.000000
top: 3, prec: 0.100000, rec: 1.000000
top: 4, prec: 0.100000, rec: 1.000000
